628
158
486
1097
2919
2933
3285
1431
3219
467
648
1501
1833
2137
178
1033
1007
1670
2622
2034
113
557
677
794
839
966
1097
1357
1622
1760
2474
2487
1167
1493
1871
1894
2711
146
1248
2521
314
616
622
1013
1422
1567
1605
1708
2166
2415
2416
2417
2418
2597
879
2150
582
778
812
1338
1451
3308
3080
1073
726
2140
3251
1942
1227
2027
2057
2331
222
2729
229
755
1012
1290
1422
1943
2021
2023
2282
2782
135
1447
1578
1678
1912
2059
2312
2313
2314
2315
2316
1422
2838
532
1422
136
1131
1625
1759
118
3009
824
1822
3193
3197
3326
75
89
763
1745
2228
2388
1412
2466
631
2625
606
1059
3309
2655
136
887
1096
1238
1429
1625
1731
1759
2632
2633
1227
1845
939
3237
820
1098
1388
3130
3131
2185
1253
1510
2228
2341
2455
2994
2528
2529
453
493
1034
1214
1422
1607
2525
2828
274
1617
61
728
1903
2378
186
2119
2324
1027
2609
487
2570
284
740
742
1416
2009
931
962
968
1214
1290
1422
2826
793
916
2992
53
1443
1514
1734
2063
2113
1620
1053
1431
1944
1062
2342
3144
1960
2411
157
1178
2370
808
1474
2245
2335
2557
2899
3009
328
660
1896
497
832
1779
2365
34
1300
1697
1879
1132
1861
2428
2530
2644
2955
1222
1687
2043
2366
2492
298
2089
359
2316
3029
558
591
1145
1527
2414
2976
2271
540
584
649
654
923
1077
1225
1383
1842
1932
2673
3017
3018
3046
3299
3318
582
653
2893
1488
1857
1710
2215
3156
35
118
3277
1992
582
2189
2939
1192
2793
110
822
928
2269
2636
3274
119
132
339
1322
902
1201
2572
353
386
936
1078
1406
2174
2284
2297
2510
2511
157
1015
2571
1026
2158
825
1325
1340
1434
2855
3087
3161
1016
1639
1748
2198
2130
1768
1964
976
155
1366
2189
2643
2776
3193
1833
2137
1454
1819
2658
2659
95
472
541
1551
1704
3274
251
1249
12
150
1533
1875
553
1419
1538
1686
2074
2677
880
2122
3310
367
32
90
3133
96
132
1829
3133
337
1650
1911
3137
827
2421
1992
1811
831
204
143
1041
1240
582
1004
935
2622
3324
96
119
779
1322
1329
3134
1631
874
28
1566
2080
31
43
1561
1702
1759
1940
2315
2507
2519
2520
2598
755
1034
1422
2782
468
680
1097
1131
1736
1853
2196
2487
2488
602
958
1713
1036
1002
1200
1455
2059
2734
127
847
1130
1429
2110
3121
14
1248
1350
1439
1647
2264
2404
2405
2625
2626
1770
2068
2228
364
113
557
677
966
1097
1357
1622
1760
2474
2487
930
1736
2217
2299
1429
1666
2546
396
744
755
2925
450
1112
1131
1625
1668
106
922
2643
2776
942
1334
1677
3084
69
99
1178
2507
1
1097
2919
465
926
934
1616
2133
2716
2003
2735
3070
1070
3182
2409
944
1994
2804
667
1904
2909
3193
247
929
491
881
1755
2228
2571
2583
2803
425
1557
2320
2322
519
1289
2941
2679
2750
1971
2442
2687
8
1033
1298
1860
2436
2696
351
661
2638
2639
1262
1422
2262
2946
1825
3278
55
2507
2883
199
2619
1802
2076
2434
325
3107
3184
1927
2169
572
397
1522
1620
2218
2900
3051
3052
1407
1823
2508
715
755
1453
2001
2327
187
2842
2843
1701
1594
1094
2899
3009
126
1434
3087
212
783
854
2296
3076
3134
3265
772
270
218
404
438
997
1534
1718
2433
2703
2705
2706
2966
1991
3183
1444
1896
205
783
2835
2836
3076
3265
528
2097
3073
2485
2773
2928
582
695
1655
2615
1319
1603
2867
208
1482
1718
1896
2433
2703
2254
3093
755
968
1034
1214
1422
2475
2782
1097
26
567
1392
2634
2729
2857
1622
741
1066
1528
3203
3204
1907
2713
843
1809
2619
3249
300
411
1233
1531
2815
3012
27
307
492
887
895
1230
2023
2282
2782
2785
356
1968
2979
875
252
333
2079
582
2391
2993
256
618
1582
585
1731
2398
2564
735
767
1321
3230
2942
603
936
1414
2174
2861
796
1582
1736
2032
2196
2299
931
1812
906
1066
3124
3189
3203
3204
1422
2782
169
1217
1265
2063
2088
2613
2643
2848
297
1669
906
825
2083
111
232
843
1992
2579
266
1543
1687
1772
1822
2067
2222
2551
2619
2732
2733
3249
2277
235
720
2970
962
1637
2978
2749
288
1597
525
737
886
2422
2655
1267
1536
2220
2452
254
672
1156
1809
2067
2619
3249
3298
749
1259
1942
2622
3242
3324
1782
1903
3228
3234
3235
3236
207
1266
450
2765
416
468
768
1417
2217
52
710
1297
3238
2015
2469
688
1928
2326
1296
1563
646
1163
2348
1596
3252
58
2009
1418
1967
1466
1835
2401
2674
1011
261
1361
1422
1943
2701
873
594
1843
2141
2854
1585
1874
540
3046
3061
2853
248
513
1669
79
468
1057
1134
228
1410
1531
2763
2815
1204
962
1943
2651
493
719
937
1190
1343
1422
1480
2116
2254
2585
3093
3186
637
1620
2025
2929
1368
229
585
1230
1290
1918
1943
2230
2398
2676
2782
2930
3221
1680
1878
2936
2937
413
1253
2803
2644
964
2984
16
373
622
912
1422
1567
1605
1708
1943
2166
2596
2597
2637
1124
777
2931
2932
411
717
1536
2220
2646
2962
2227
3083
1879
697
3116
190
3184
984
3085
1382
71
660
1889
2517
2618
3184
3206
1083
1278
1709
2948
2259
2921
232
777
1692
723
1088
561
876
1180
1600
2580
2581
3002
120
1650
1227
2642
96
472
2789
1050
2597
1869
678
3296
1773
2238
3289
1452
1663
1202
1758
1853
2073
2527
2633
399
1991
2760
2399
180
661
1112
2638
2639
1728
3293
98
2434
3006
1121
230
3156
1948
2350
2351
80
3029
477
1918
2185
2444
2649
2650
2339
2340
800
149
399
1991
630
1150
2061
117
1199
580
2157
2499
1369
1423
1746
1981
2463
3071
3193
314
616
912
1117
1605
1708
2416
2490
2925
1411
2368
2790
3286
1793
2300
715
2405
2767
3272
582
2189
2155
3188
1457
2955
696
989
1033
1930
1700
98
2808
2254
2111
2989
871
1916
2103
2105
2995
2316
566
1879
2594
2711
2519
2622
153
468
930
2217
2519
2887
194
1522
1251
1843
348
364
957
862
2739
603
1414
2861
3185
208
1534
1718
1896
2703
2705
2706
2966
582
1660
2179
3274
1296
1364
637
1341
1529
2584
1808
3106
228
317
1033
1335
1410
2815
2440
3257
311
805
1812
2204
2718
2719
2720
1128
1625
1666
2429
2565
2533
273
1758
2645
915
1335
1207
476
1004
1933
1135
1162
2275
2631
2237
2867
1756
3163
171
2129
840
1560
1705
2114
2477
773
1439
1647
2264
2404
2405
2625
2626
541
1620
2028
2154
1684
2844
869
1174
1268
2352
2983
2829
549
1655
2361
2362
1019
1875
1996
2317
2922
208
1718
1896
2703
2705
2706
2966
2011
3128
3047
1782
2501
2812
2911
857
1828
2406
1301
2655
509
2891
2388
1184
3286
888
1090
1543
154
272
542
882
1020
1532
1561
1817
1915
1965
2196
2295
2299
2507
2519
1630
2736
2214
51
807
835
887
941
1009
1034
1214
1219
1422
1599
1644
2053
2254
2475
2667
2782
2784
2786
2828
1656
1684
1992
3017
1592
1438
2233
2358
2099
992
1751
3030
3263
1508
476
2539
2540
1758
1853
159
2153
2345
2973
936
2174
3138
4
138
273
298
396
680
768
930
968
982
1097
1251
1362
1473
1665
1736
1853
2089
2196
2217
2299
2622
2718
2719
1101
1478
1982
1676
2314
2554
2588
110
339
541
703
780
1704
2269
3274
843
1808
2524
3055
3056
3295
419
462
1247
2203
3046
360
3046
3105
571
2236
830
833
1076
3156
3272
3276
1585
2020
2624
1210
1531
1052
2752
1
509
1097
1115
1202
1362
1570
2356
2891
3228
57
734
837
1140
1651
2108
667
582
1394
2858
170
881
2228
2994
229
755
1012
1034
1422
1644
2181
2404
2632
51
303
1214
2151
637
1620
2025
1262
1422
861
73
1779
2974
2975
2652
886
2274
1809
3249
1011
1575
517
1529
624
2292
2844
1729
1583
1944
3213
2834
1822
2732
3248
445
486
1362
1570
2827
625
620
297
2809
2810
1383
1498
3299
2646
502
1215
1583
2647
1896
173
3146
2380
2402
964
1830
1840
2349
1537
2787
2938
263
648
705
2573
2577
920
2163
1422
1943
213
962
1422
2396
2829
1724
1958
664
1017
1621
1641
1966
2610
30
1944
1764
2691
2287
641
946
2584
2477
650
836
632
1506
1783
83
294
555
911
923
1945
2515
2646
2910
2911
3046
110
429
472
703
809
822
928
1464
1477
1620
1704
1768
1865
2269
2721
2745
2840
3047
3048
3049
3050
3274
450
1020
2295
2561
1915
2302
1046
2259
582
819
851
1877
2063
434
755
1422
1821
2361
2585
2782
2899
3009
3010
749
1259
2412
2789
114
799
540
969
12
150
725
1883
1922
81
591
1145
2414
2976
1013
1097
1570
2191
2482
336
1180
1366
2580
2848
3025
1586
1735
582
1477
3048
904
1264
1330
2484
393
698
2212
222
1435
2005
2400
2464
2486
2730
2898
3221
1839
3023
624
3153
1786
480
193
1024
1998
624
670
1478
1109
1518
2049
2267
620
1887
1027
1971
2080
2225
2367
1410
1531
369
1750
18
84
92
130
215
234
379
405
489
547
563
587
637
647
653
676
790
879
1002
1004
1170
1200
1387
1410
1516
1525
1660
1693
1701
1753
1921
1967
2066
2100
2134
2179
2249
2258
2391
2447
2840
2920
2921
2950
2973
3017
3099
3148
3216
3217
3218
2384
83
1039
2531
237
307
1214
1422
1943
1997
1214
1422
2116
2556
2782
582
2840
828
1255
1275
2536
2537
3096
2185
2206
2868
81
558
1145
1527
2414
2704
2325
292
618
878
1447
1961
3191
3174
1887
1259
1001
2105
3192
139
958
1858
241
402
1471
2799
3128
692
2458
859
41
1879
2868
2889
684
2866
1116
2910
2911
3039
620
2605
1316
2603
849
1818
2673
16
373
622
755
931
1422
1567
1605
1708
1943
2166
2415
2596
2597
2862
2290
236
595
2380
2290
512
575
611
709
2174
2321
2413
2439
2605
1790
16
314
616
912
1013
1117
1605
1708
1943
2416
2418
2596
2597
2637
2925
632
1506
504
569
573
777
865
915
1272
1318
1335
1836
2134
2292
2578
2845
3153
511
2376
2126
755
2564
2632
2681
0
1460
1717
2630
365
1757
2319
40
538
623
1422
1470
1162
2132
2899
2922
3258
304
408
494
582
808
1620
1797
1921
1967
2066
2189
2440
2562
2931
2977
2218
3039
1893
2753
1935
3214
535
825
1080
1447
2595
1000
2464
1741
2282
3315
281
582
5
525
651
1143
2574
2575
2647
83
2495
2646
2911
3046
3099
537
1655
2505
648
2214
84
582
83
2515
687
3200
3201
2940
658
657
1720
71
328
1481
180
351
1096
1439
1625
1740
2264
2404
2405
2639
2640
2641
2260
2385
530
1026
1203
2438
2256
1491
3140
166
488
760
1099
1179
1187
1243
1530
1555
1707
3101
1294
2536
2492
573
865
924
974
1311
1472
1565
1836
2578
2771
2844
1960
266
1738
3133
1293
2445
3261
1865
1864
2827
2875
582
12
150
985
1275
2199
2443
2506
342
1979
138
468
2089
2577
2980
881
1471
2228
2494
2558
609
2961
2181
2827
655
3200
279
1928
2729
3221
1613
2579
2939
2948
3007
931
968
1567
2166
2396
2417
2481
2597
604
2182
2965
216
1682
2483
2791
2792
382
869
1236
2352
323
1783
566
1004
1347
2035
1712
2928
472
541
2745
2722
525
2422
2577
800
2927
2028
3156
620
936
1424
1471
1557
1987
2174
2320
2369
275
1159
2727
3102
3103
1177
1676
2314
2554
2588
2604
1083
197
377
1725
1940
2264
2404
2405
1125
1366
2329
318
1896
1902
2976
3311
2241
303
755
1190
257
1485
1967
2683
1334
3107
335
1088
2219
2293
557
966
22
2747
1682
54
2977
2985
2986
2987
2310
1250
1296
487
1651
3304
238
2339
263
1460
3241
2213
58
742
1416
225
3036
58
740
1380
2140
153
2235
2466
2519
2586
3275
2921
2420
3028
3193
803
960
1723
2501
2668
267
551
1195
1259
1065
1446
1447
1204
1947
2923
27
137
153
197
220
492
549
616
627
719
887
912
1009
1013
1647
1961
2128
2254
2257
2488
2585
2622
2650
2663
2664
2665
2666
2667
2385
1420
2099
2960
1512
667
1707
2375
2337
36
1424
2124
1037
239
1321
3254
273
468
2645
2964
1016
2081
1202
1591
2633
1103
1256
2646
206
1296
1331
1546
428
1647
1725
2264
2626
1562
2606
1376
1422
781
1030
316
333
624
1691
2261
2560
2845
18
2252
3223
132
932
472
776
2375
2479
2945
205
212
2296
2835
2837
3076
1715
1822
1397
2216
1413
3262
3176
582
1000
1545
3026
2309
1671
2160
2476
60
916
12
1041
1357
2679
242
930
968
2063
2119
2217
2305
1992
554
1422
363
706
1391
1573
1854
747
990
3019
1776
413
986
1537
453
1214
1422
2564
2667
2782
70
637
1620
2066
2562
541
1913
1970
18
1437
1789
2963
1585
1874
2770
2771
908
2339
2377
2426
2616
1202
547
1200
1247
2316
2646
2734
3046
47
2591
95
541
1043
2498
1909
33
101
250
641
1080
1574
2855
2712
122
2421
588
1255
1082
1505
2411
482
125
3063
73
1779
482
453
1422
2021
2181
2782
2828
3030
537
487
3283
12
1357
2487
427
2477
2559
1459
1963
227
253
473
2202
2551
2579
1154
3193
144
1398
1517
1666
1853
1875
2205
2360
2520
2592
2633
614
886
1605
2024
2182
2596
548
2863
1304
2252
205
1521
2620
983
1621
2739
443
1828
2406
1803
605
1795
1004
2177
2497
2920
3296
496
1171
2178
400
1780
2209
904
1330
1346
2874
624
670
924
1335
1836
1999
2212
2266
2692
3239
1173
897
431
696
2352
2019
390
1665
291
2693
3225
134
2866
231
1131
1257
1625
1918
2797
336
1366
2848
3025
940
1379
1672
2353
2375
2442
2467
595
2313
17
582
115
1877
170
491
682
2363
2364
450
2519
1496
1172
1992
2512
2434
263
499
850
1567
1796
2182
2277
2655
2768
2769
43
229
453
755
1012
1034
1112
1214
1351
1422
1943
2021
2247
2282
2404
2782
2839
2859
448
1430
2545
2799
2454
1108
2087
2471
2318
1070
1668
229
1012
1290
2021
2023
2782
1081
868
1931
2123
1072
1436
1810
3037
97
1201
2572
2145
2969
565
864
1699
2369
2371
1484
244
249
1903
2567
2568
1706
814
1569
2708
2268
540
3060
314
373
622
755
1117
1605
1708
2416
2490
2925
1794
2136
417
624
2301
60
793
1036
2176
2660
3072
3080
1425
526
1469
1832
2547
1280
3017
3026
155
1087
1246
83
540
1170
2218
2316
2911
3018
3099
670
865
2578
2845
995
160
934
1135
2899
95
541
1326
169
2863
151
396
468
796
2196
2519
2633
59
243
616
691
1025
1117
2597
779
1905
1977
160
926
1616
2133
131
2590
3233
98
241
466
709
303
2377
2782
2104
3251
45
877
1155
453
1214
1422
2564
2667
2782
156
1863
2305
2343
1554
2010
165
3016
535
1584
2379
2906
1716
1114
2579
2292
1638
2656
3154
2982
1440
2298
2736
2366
3108
3144
1022
1461
399
139
602
2543
3035
1949
3075
747
2501
1405
59
258
302
528
1422
2097
2226
2416
2418
2829
3073
3158
313
521
1112
1157
1301
1422
1567
1943
2166
2234
2829
3013
3014
12
150
725
2701
59
220
468
691
796
1157
1214
1422
1567
1605
1625
1943
2097
2166
2196
2226
2234
2564
2596
2632
2633
2774
2782
2829
2882
2967
3086
556
1687
1949
2529
1736
2778
670
1891
1295
2478
105
2434
2699
1422
1764
2458
1645
2098
2311
468
1130
1591
1736
855
326
2046
677
1275
2443
805
2419
2006
2458
383
1033
803
1207
1223
1474
2557
460
1421
2242
2097
2427
2774
2775
2829
2925
2224
2675
925
3116
208
1035
1896
2703
1315
1515
2589
2909
3314
1754
1948
2351
642
790
1545
2400
3120
600
1119
1577
142
582
1200
2085
2734
1801
130
419
582
698
860
2497
2816
2920
1816
2762
2999
9
1208
1668
453
755
1422
1853
2507
1703
2925
287
501
1583
1944
2148
2330
27
492
887
895
1034
1214
1644
2023
2282
2475
2681
2785
16
559
622
755
1422
1567
1605
1943
2166
2597
99
1275
1422
2443
2783
102
769
1866
530
1032
2514
3241
435
1625
1875
2073
450
542
1188
2108
2589
3066
956
1302
1461
1493
2709
572
931
2490
100
664
2158
3157
56
577
1620
2608
1557
2320
2605
1564
776
1971
2062
2353
2354
2372
1125
2328
2329
1018
2514
3241
8
178
383
411
989
1234
1426
2112
2819
51
137
220
453
492
887
1012
1214
1230
1422
1607
1617
1644
2475
2782
2925
997
1051
1152
1206
1534
2703
141
917
2853
766
2082
584
1170
2531
2877
128
794
1357
3045
822
1829
2498
3274
1264
1395
1619
1802
2323
2434
1596
3252
3253
545
2054
2259
3237
1143
2339
2463
340
1035
485
1239
2657
2752
3215
63
1214
1943
2626
2879
2593
299
1366
41
1337
1979
66
2232
1675
2543
1202
1853
2527
2633
750
225
245
3036
3203
3204
3021
2899
2503
2504
162
894
1625
2399
1422
2128
2822
2829
900
1309
1818
21
3303
1095
2780
482
1589
83
98
1259
2510
2848
1555
1707
1950
641
825
1340
1348
2595
896
829
2532
3273
331
714
1709
3069
1123
2343
3139
3244
1807
922
1239
1620
2054
2189
335
723
2953
1400
448
1471
2861
2874
1579
1662
3185
1990
2161
2423
2424
2425
203
2052
2899
3051
1074
43
661
2638
1
12
138
150
158
221
468
486
559
1429
1467
1625
1875
1879
1894
2427
2648
2919
2933
47
667
1530
1526
469
1939
2602
771
1116
2911
2871
1167
1894
2403
2757
2496
2497
891
574
1518
1952
1983
2727
154
351
887
965
1251
1480
1635
1644
1647
2475
2522
2626
2820
2927
3014
3211
948
486
2891
3042
3228
610
1103
1836
373
622
912
931
1422
1567
1605
1708
1943
2166
2596
2637
2925
1194
1001
1577
2552
2749
1659
2654
355
2396
2991
1084
1733
1855
2343
315
716
1031
2884
3033
3141
414
1761
2513
3241
144
982
1429
1591
1666
2057
2110
2331
2422
2728
31
138
154
875
1251
1609
1666
1875
2621
2680
2681
76
3259
299
421
927
1485
2683
2899
3207
2196
2544
2767
2223
487
1241
1217
648
1048
1677
2573
3053
3174
3193
1282
1396
1556
2382
81
558
591
1896
2152
1896
1449
1404
365
1847
1035
2414
2703
2968
3078
3079
844
940
1379
1672
2353
2375
2442
2467
266
1738
3133
965
968
1281
1422
1943
2829
2813
710
2086
2754
2755
1432
2714
421
634
3010
282
2348
2344
2041
2462
13
1105
1493
1894
1901
2711
1814
1209
582
923
1039
1225
2531
2726
2819
861
884
1363
867
1720
2794
2796
431
2958
1821
2226
2435
712
69
157
667
1707
336
561
1366
1600
2329
2580
2581
2643
2848
3025
3316
2960
1366
1600
2643
447
2186
2955
1868
2306
3193
667
1021
1767
2060
3021
303
719
2585
2828
3108
94
2793
1841
1981
1118
2246
3280
749
1791
1896
1724
368
1993
142
582
819
1002
97
902
2572
347
486
770
818
1064
1570
2356
2527
664
2438
301
752
1212
2830
1035
418
990
1007
1767
2060
2877
1169
484
1531
2612
1585
2779
2780
1205
1473
2325
51
59
220
453
493
585
586
807
887
941
968
1012
1034
1054
1219
1230
1290
1480
1644
1724
2023
2053
2230
2398
2444
2475
2585
2649
2650
2782
2784
2786
2824
2826
2860
517
2923
1801
247
1142
1868
3068
453
1214
1422
2564
2667
2782
1629
1721
2472
2670
2672
2868
2054
77
1864
2434
2684
990
2348
83
1170
1932
2853
24
44
338
1845
2095
2642
1317
3098
229
307
1034
1214
1290
1666
2859
1390
1586
2211
2226
2926
228
1033
1677
2245
2335
696
1431
1553
3219
43
1422
2506
2782
1052
1087
1265
2210
2249
3215
129
1141
1694
1907
2311
667
2944
3193
2482
922
2776
476
819
14
146
112
2280
732
398
468
1112
1131
1422
1625
1843
1965
2398
2483
2622
3117
3118
3119
49
311
1328
1510
1915
2455
2722
588
828
2537
771
2259
3046
875
2797
1689
267
551
599
749
1078
2510
2897
1981
2219
2480
2481
181
495
2825
2978
2529
565
1044
2174
2369
2984
247
1239
271
3273
264
431
2352
1302
1461
2601
624
1422
1739
588
677
985
1015
1731
1825
2361
2444
2506
1291
2725
331
2627
2628
921
1157
1943
2226
2234
1144
2381
1370
1312
1523
1411
1543
2366
2790
3286
2058
2940
1648
174
27
59
307
895
1214
1230
2023
2782
1276
1811
673
3261
668
975
280
406
733
772
1585
275
2393
179
2092
2406
75
444
965
2774
2775
1022
1271
1461
2601
3047
852
3021
3180
3181
1865
2112
1769
2680
1072
3125
3221
670
2316
2607
1284
1462
2709
3246
3094
998
612
3015
1228
624
217
1603
1770
2237
2159
2629
239
767
3229
3230
96
132
1410
1449
1562
2816
2817
101
928
1408
1620
2245
2335
2400
2164
1253
3162
132
565
864
1699
2369
2371
772
2142
2777
1879
2594
2711
156
722
411
417
624
865
2578
2612
1681
1059
19
2758
101
1080
2855
409
1925
3151
2396
303
1422
1427
1943
2398
2782
2829
2118
1892
864
2861
2874
699
1080
1574
2276
1749
2528
3129
147
1399
887
1644
2121
1829
2412
2900
2812
2866
2984
1762
12
150
794
839
1041
2919
2174
288
468
486
509
1172
1822
2512
407
2184
2240
1504
1933
106
561
716
876
1058
1180
1183
2088
2580
2581
2947
306
371
1981
3071
1283
1962
1841
1885
1948
2078
775
1438
2907
877
1155
1823
2353
2375
2442
742
1416
1846
2322
2553
327
3038
83
515
2779
3052
2452
1635
582
47
3043
1231
2173
801
2756
222
2634
2857
3212
1721
490
1044
2323
2861
2866
2984
1144
2381
785
847
1429
2110
2427
1350
1429
1587
1666
2224
2427
2675
1089
1944
1411
2790
2243
1978
1149
961
98
195
1326
2738
300
411
579
582
1324
1531
2345
2814
2815
3294
374
1286
1401
1726
2067
2366
2367
2368
39
3138
787
241
402
1422
2861
1668
1835
58
740
1380
273
1758
2217
2645
285
114
1698
2339
2389
757
992
16
27
29
30
51
59
137
181
220
246
289
303
314
453
492
495
527
528
549
585
586
616
633
775
799
807
835
887
941
962
965
968
978
1009
1013
1015
1034
1071
1117
1157
1219
1238
1251
1273
1343
1414
1470
1582
1590
1607
1630
1644
1658
1663
1724
1834
2021
2023
2047
2053
2064
2115
2116
2139
2181
2230
2234
2244
2254
2257
2396
2398
2435
2444
2475
2490
2585
2622
2649
2650
2651
2663
2664
2668
2681
2783
2784
2785
2820
2821
2822
2823
2824
2825
2826
2827
2828
2829
2830
371
2059
709
764
919
1033
3153
1343
2925
1884
3037
43
144
152
1097
1130
1398
1399
1625
1759
1853
1989
2110
2147
2331
2420
2421
2422
2520
889
1973
3
64
1237
1160
3064
3065
101
204
567
1854
2729
2730
2898
901
1810
812
2259
457
1377
147
428
661
2626
2638
953
2124
2736
3034
1762
2603
2669
2437
61
2013
211
2020
2401
751
1574
28
595
641
751
2560
2811
1971
2353
2738
1147
1324
2606
1505
19
3308
345
198
1625
1875
109
142
2734
2188
2694
381
2156
2644
2955
2956
2972
841
629
737
956
1022
1271
1302
2215
2601
2918
1313
2039
3246
2704
541
1551
2832
286
1097
1867
2350
920
2163
633
1422
603
682
709
1091
2494
2861
2954
3128
670
1813
2210
2646
3046
468
1212
2964
70
991
3264
2655
541
564
469
573
303
1112
1214
2715
2782
660
218
1795
1821
905
1920
2063
2113
2912
721
1135
1864
1491
2138
86
1805
2033
666
1487
1767
2060
1625
2565
13
1023
1167
1894
2187
2712
2239
1929
883
2336
515
3135
6
2201
1674
1365
1933
829
1450
2411
3273
538
623
3001
461
3056
49
1253
2502
759
2300
61
998
2050
582
847
1580
1875
2183
2361
2362
574
1109
2267
3226
854
194
397
2245
2335
1285
3169
3170
3171
3172
3032
3064
582
1100
81
591
225
409
503
1925
3199
667
1099
228
300
484
579
1210
1410
450
1915
113
2927
208
404
1035
1896
2703
1763
265
319
2220
2452
524
806
114
2653
2363
3100
2420
2558
254
449
1286
2067
2732
2895
790
1000
2400
3026
772
2432
2271
3268
2036
110
1464
1704
2269
2332
3274
1237
943
3044
667
1079
2015
2469
1144
172
709
1028
2321
2322
3227
2331
1593
427
1705
2559
136
450
2228
774
1324
280
3062
1029
670
135
16
314
616
691
886
965
968
1013
1117
1708
2182
2204
2416
2418
2637
2655
2925
2485
2680
2766
2767
908
2708
486
509
559
1202
2356
2055
3117
3118
3119
3049
802
825
1348
1446
501
1944
2478
2919
2174
1001
1119
1882
2552
28
1092
1517
1640
2183
2360
2361
2362
2506
2880
3242
236
242
1422
2032
2299
506
517
1011
1843
2387
2584
3080
946
2379
2380
293
483
813
1211
1296
1874
2020
2462
2770
2771
2779
562
1231
3241
1399
1625
1989
2110
2147
2331
2420
2421
2422
2919
2468
1076
2453
3272
1422
1943
770
982
1130
1665
2293
2622
456
1559
202
2945
283
1045
3252
3253
262
2285
453
2116
336
1180
1183
2848
3025
2700
217
1319
2867
3104
16
314
373
616
622
850
912
968
1013
1117
1708
1943
2415
2416
2418
2637
2925
2691
51
1034
1422
2475
2192
1131
1625
1877
1733
1744
3022
2071
2307
690
2058
2727
1975
2646
160
934
1752
52
1034
1724
2211
2475
2926
2927
3014
1864
1044
2323
62
194
304
429
494
541
637
808
1027
1087
1326
1771
1817
1826
2245
2335
2440
2562
2631
2636
2721
2977
3026
530
856
12
150
224
1627
1938
3037
3038
31
43
154
414
661
875
968
1019
1070
1097
1251
1429
1453
1492
1587
1609
1666
1759
1821
1875
1965
2224
2429
2621
2632
2638
2680
2681
2886
1897
2856
1623
1938
2155
1220
2473
451
1422
2621
133
2622
2208
2861
2866
1112
1386
1876
259
951
102
1580
1923
2183
530
2474
3325
453
492
1012
1034
1112
1214
1351
1422
2021
2247
2404
2782
980
1898
147
428
755
773
1112
2626
1288
2266
1805
120
337
2888
487
734
3304
2733
1714
2312
216
434
650
2000
2331
2506
3209
455
2868
1422
1120
405
582
2272
1092
3185
346
1422
2396
3092
3297
468
872
1591
1670
2633
152
414
847
1130
1131
1230
1399
1625
1989
2110
2427
2435
2603
3286
154
894
1008
1415
2399
248
297
10
1665
3256
792
2400
877
1155
1971
2353
3112
1503
1063
2543
471
713
2554
2588
2604
156
1143
1235
1737
28
2316
2631
3295
309
1336
695
727
1836
2220
2448
2449
2450
2451
2452
430
455
3133
114
78
254
969
1992
3220
1914
1258
2221
777
334
582
1241
2486
2037
3090
1760
3114
75
1419
1705
2466
2586
904
1330
2369
385
201
582
136
1711
1774
1010
110
472
541
1551
2269
2332
427
1560
1698
2114
2559
907
2270
667
760
1079
1179
16
314
373
616
622
912
1117
1567
1605
1943
2416
2418
2596
2637
2925
331
1083
2948
87
2112
2215
2918
1702
1774
701
140
1653
1869
784
947
629
2630
208
218
404
438
2433
2703
2705
2589
659
1173
1220
1393
1959
2473
2670
2672
2970
747
529
1198
1214
1422
1617
1958
2253
2542
715
773
2264
2404
2868
1411
2368
2790
1865
352
3193
505
2345
2516
2795
43
237
1275
1943
2230
2443
2774
2033
1123
1610
3305
3306
61
2013
562
138
151
242
468
972
982
1677
2243
672
1156
1274
661
2638
643
2458
2033
1610
37
371
1981
2339
3071
2121
2390
102
1349
581
3321
460
2319
1616
582
999
170
2363
423
630
2319
3030
347
416
464
1417
2217
2253
2527
31
43
136
1429
1625
1918
2621
2622
2633
12
150
1696
3114
1128
2429
2565
1356
1441
1535
533
978
1991
3183
1189
1208
1491
2168
104
541
1964
2745
3274
1308
2767
148
1319
2867
1620
1778
254
1822
1890
2067
2222
343
1702
1711
1873
804
2224
1771
3257
73
497
832
2974
863
2659
269
441
2458
539
697
2231
3205
2346
570
2209
2251
812
621
1196
2055
2819
3265
375
914
859
1483
1821
886
637
2526
1811
2847
1003
1216
189
1044
2174
2323
858
2458
1489
1649
2804
2865
1086
410
473
2202
3011
3249
227
266
500
3249
901
1436
3037
124
1292
1799
1879
2091
2102
3198
243
413
2328
1472
2184
3294
1168
2143
2885
1005
450
1620
615
1072
1992
2030
109
1954
549
1176
1483
1625
1795
2200
33
254
508
784
1363
1772
1903
2180
2222
3006
3107
3194
3220
3271
195
1379
3045
1883
184
1275
2443
1620
3204
443
857
2077
2406
119
1043
1352
2035
522
2264
2377
2626
920
2163
7
108
1422
286
1415
2063
2113
2122
624
670
865
1116
1683
2447
2578
2811
2187
568
523
2348
2349
1193
1372
83
2646
292
398
1251
1583
2460
44
1227
2746
1381
3247
1151
1907
2731
2401
2400
1933
3125
2018
138
347
464
468
847
1009
1064
1429
2488
2527
802
1435
1123
2343
2979
86
602
2031
2543
3035
2221
179
2092
76
2530
2582
942
2368
675
1222
1486
1618
2509
541
674
1307
1727
2283
3046
1016
2081
1468
2351
2357
2358
1186
1218
2729
3068
341
1714
2945
13
2478
2655
1775
293
813
1585
113
435
847
1019
1097
1131
1453
1517
1625
1989
2205
2360
2399
2426
2427
2428
1636
548
880
1609
1973
2196
2401
310
2446
2936
75
322
394
607
1097
1333
1811
1956
1986
2205
3150
1577
557
1824
2678
1428
1373
576
598
2232
2233
2357
2358
2431
2093
329
2516
2751
1772
2222
2628
2884
974
3046
1345
639
13
1097
1105
1167
1493
2052
2584
2648
2710
2711
2383
72
211
218
404
438
518
717
997
1145
1146
1197
1534
2048
2170
2702
2703
2704
2705
2706
2707
2708
1626
1646
2798
3111
1167
2648
717
2703
2976
54
269
906
1822
2420
2493
167
2666
933
2127
3155
226
1241
1847
2005
3125
3232
3301
3302
823
2925
3129
121
28
2080
810
1688
450
544
1253
1532
2302
390
2351
2339
3282
307
361
875
1759
1995
2444
2649
2650
2797
2259
1484
582
637
2316
557
1640
2183
3147
1341
1529
2945
191
2550
279
688
2326
1495
384
898
83
1225
2447
3046
420
1365
1504
1850
2539
3008
2265
640
2974
2069
1623
1627
1102
2447
136
715
2404
2405
2998
23
268
27
289
302
307
314
527
585
616
622
887
965
968
1013
1054
1117
1157
1281
1343
1590
1605
1708
1731
2226
2234
2396
2398
2416
2418
2775
2823
65
506
532
1011
1400
1575
2534
2535
540
2899
753
357
999
1373
2350
959
970
3075
3208
1079
2988
1110
2041
2848
1820
3097
1879
1965
2759
2964
2171
529
1724
1721
67
671
595
755
1371
3031
842
104
1768
450
1251
1625
1956
2488
2886
2964
530
285
582
637
721
2066
2312
2672
230
3307
811
2836
2909
177
577
1030
1448
1672
2062
2354
2373
2479
3245
1430
1877
2799
3313
1614
2827
933
1403
679
1060
2800
2655
371
1193
1260
1369
1746
2340
3020
3071
3312
470
1111
3152
2989
2909
1879
2594
2711
709
2174
2408
1429
1587
1666
1875
2426
2427
3027
1093
2161
2424
209
348
364
1766
91
123
253
455
798
884
1687
1818
2347
2819
3139
1199
165
1918
2089
435
2880
585
2107
2264
572
865
2212
2578
1655
2635
198
2398
161
3143
567
1907
2713
2731
987
3269
3270
2818
58
284
943
3044
439
2076
2746
1443
1734
2172
3088
278
1555
2569
2174
2410
1852
870
483
1445
1585
2510
27
835
887
895
1422
1644
2023
2651
2273
3071
3312
27
229
895
1012
1214
1290
1422
2021
2282
2782
850
304
494
2977
3279
24
2781
429
707
2721
3205
1818
1858
3035
242
1582
2299
1490
1732
1743
2474
11
700
1829
1550
1695
3090
2907
1462
2957
1165
1953
2462
3224
2303
78
2518
2783
984
1422
2991
1896
2710
574
1515
2587
3304
2465
1094
1894
2900
453
1214
1422
1046
1087
1221
1571
1791
3243
25
1130
1287
1613
2727
28
142
1423
1189
1208
1491
366
1030
1971
2378
3160
61
247
548
796
1484
1835
2113
2196
2912
1422
2396
2686
3206
582
637
808
1967
2189
2562
254
266
1411
1543
1772
2222
2499
2732
2733
2790
148
1937
2736
1611
2943
347
1019
2592
114
3077
189
2011
1828
1374
233
135
577
1912
2346
2661
2662
769
1866
1038
2957
250
2106
2197
1002
1159
891
247
1366
79
468
680
1995
2217
2949
1811
1298
1860
2436
2722
3222
1888
2974
2975
1227
2245
2335
2958
213
962
968
993
2435
2564
2774
2829
2925
980
459
757
582
2229
1811
390
938
3276
390
600
2083
1997
2398
487
1021
2906
144
1130
1398
1429
1587
1666
389
1033
1307
1710
61
1484
1835
2063
2912
427
1705
2559
1422
2782
2967
303
586
1422
1599
2892
1344
55
796
2196
3009
1351
1747
2390
115
1835
2399
899
765
1440
2821
626
1906
2841
755
1071
2667
2822
426
103
2478
634
2275
2631
2899
160
934
582
624
2911
3113
914
2505
7
108
1487
1422
22
743
2548
292
2854
1331
2971
1814
2250
903
2500
1429
1587
2421
1011
2789
17
493
2717
1145
465
2345
3202
3294
429
2993
3215
380
1628
3188
1457
370
100
1026
1320
2894
2895
792
2476
1093
1990
2424
2622
526
1469
1832
2547
1327
2561
16
314
616
691
965
968
1013
1117
2204
2416
2418
2637
3131
1767
191
3276
1896
2703
1957
2014
1390
98
241
466
620
709
1264
1359
1576
1802
1987
2017
2413
2439
2509
2861
3138
2307
917
2853
860
861
3240
405
582
1822
3107
492
686
835
1422
2828
693
850
886
1567
1517
1580
1640
1923
2311
2361
1364
1813
48
361
590
2206
2282
3149
3150
1184
1493
1838
1456
92
106
379
637
1087
2066
2740
2776
2921
3017
3215
2207
560
1608
2742
2566
138
242
450
468
930
968
1136
1877
2063
2119
2217
2507
2519
3266
2084
102
677
1821
2435
1502
843
1808
2524
476
413
1567
2166
2596
847
1875
1879
590
2185
2868
2190
2532
1634
3128
863
1787
2554
2555
2604
1239
1472
3153
1232
1617
566
865
1999
2578
739
452
652
3290
87
1461
1710
786
151
273
396
468
796
1417
1758
2089
2196
2519
2633
2645
194
638
923
723
1260
2339
265
319
1536
1683
2447
1690
1859
254
1772
1822
1890
2067
1139
994
1399
1625
1777
2675
2676
578
962
968
1176
1232
1281
1943
2361
2435
321
3080
38
49
148
170
491
682
1561
2363
2364
2101
307
1214
1422
1731
2622
2782
2784
2860
1784
1062
1887
458
1887
2372
965
968
1281
1422
1943
2829
744
481
422
1319
2867
3269
344
1494
2632
1364
718
992
1402
1737
1422
2868
70
1235
1326
1522
1620
2095
1194
887
1644
2285
582
1239
2144
2399
1788
3295
778
853
3231
3232
1724
1758
219
303
388
453
755
1422
3093
2486
3221
665
755
1422
2596
2829
2925
582
332
545
1046
1256
1437
1919
2278
2450
662
777
182
3295
2408
147
428
661
715
773
1725
1831
1997
2638
2942
1934
865
1648
574
1518
909
95
472
541
1551
1704
2332
3274
1706
82
1548
3268
1661
2022
499
421
2132
2899
1348
255
886
2655
2259
2646
3046
1249
2651
27
229
644
887
1012
2023
2185
2829
1865
98
2297
1598
2248
2965
534
2541
2907
617
619
2828
504
624
950
2913
2950
724
1591
450
542
205
783
2646
98
2284
953
151
242
450
468
1582
2032
376
1513
915
544
1915
2042
2528
797
942
1186
3156
1612
2175
2341
2698
791
2334
3167
3168
731
981
1242
2183
2361
2880
28
1654
1967
2401
28
878
28
471
713
2339
2588
2739
28
136
28
80
392
819
923
1311
1678
1921
2383
2547
2673
436
893
630
1751
1757
172
709
1028
2321
2322
3227
620
1557
2320
172
1381
1557
2320
1044
1395
1619
1802
2434
55
2506
593
1213
279
1928
198
1031
1812
716
1031
1180
2613
2614
2682
1011
25
1130
1429
1558
1587
1655
2427
1551
1704
2269
2334
2309
2333
2538
70
1235
1326
1522
1620
2095
1497
762
2430
2339
2340
362
736
815
1049
1419
1746
1917
2219
2314
2338
2463
3071
3282
362
1981
2338
49
2308
2342
66
2341
2878
3045
942
1084
1123
1855
1164
465
1410
1729
2153
2346
2347
1785
2080
2345
1992
2345
282
1163
1224
1840
2349
3040
3041
523
1840
2348
357
1468
1948
2351
357
999
1867
1916
2350
2372
431
696
869
1268
2407
877
1030
1155
1379
1448
1672
2354
1030
1971
2353
2356
486
1202
1570
2355
1867
1887
2358
458
1867
1887
2357
2431
2652
847
1580
1875
2361
2362
434
549
1275
1517
1580
2183
2226
2311
2360
2443
2506
2880
434
1517
1580
2360
2506
881
1540
1755
2228
3164
881
2228
74
3163
78
954
1286
1411
2790
3286
578
1411
2541
2549
2790
3152
374
1411
1726
1863
2790
2943
709
904
1264
1330
1699
2370
2371
69
2369
904
1330
2369
2874
1030
2233
2351
2373
2374
2375
1971
2372
2372
761
781
877
1155
1379
2372
625
816
937
1831
54
2062
946
1584
2380
520
618
1584
2379
2402
2534
1282
1396
2382
1144
2381
1895
2316
583
663
756
2386
2893
2385
1583
38
446
2389
1419
2388
1747
2121
234
582
2393
1297
2392
2395
2394
2460
528
691
1122
1342
1422
1663
1943
2064
2397
2398
2396
237
307
1214
1251
1343
1422
1943
2002
2107
2396
2829
2925
350
1070
1668
1875
2122
2250
2861
567
1000
1326
1545
1671
1849
3089
286
1445
1848
1877
2312
2924
2959
520
2380
1106
147
428
492
661
715
887
1644
1725
1940
2638
2919
147
377
428
661
715
1940
2638
443
857
1299
1828
2352
1988
2263
164
2017
68
829
1505
3273
552
1352
620
2174
81
558
591
1152
2704
16
616
1605
2597
16
373
622
912
962
1567
1605
1708
1943
2166
2490
2597
16
691
2597
2637
16
622
962
1567
1605
1708
1943
2166
2490
2597
986
746
1429
1542
1587
1903
2558
122
827
1429
1587
2147
263
705
1130
1429
1587
2427
2655
1093
2424
1093
1990
2161
2423
2425
1093
2424
3011
816
1875
1989
3027
993
1097
1398
1399
1666
1875
1989
2331
2422
3028
76
1875
414
1625
1761
2565
2337
1887
2358
1547
208
218
1718
189
353
885
976
1044
1222
2323
2654
1176
1422
1666
2097
2200
2226
2488
2564
2882
3074
179
2092
1442
664
1203
620
2174
412
637
1620
2441
2440
177
877
1155
1379
2687
677
985
1015
1731
1825
2361
2444
2506
361
1214
1275
1422
1918
2443
2649
2650
673
2955
2957
1878
582
1836
1932
1939
2220
2448
2449
2450
2451
2452
1683
2447
1683
2447
1683
2259
2447
2646
1683
2447
265
1385
1536
1683
2447
1589
3156
890
49
1253
2861
2866
2457
2456
604
979
988
1742
1782
1804
2459
2460
2461
2458
1844
2395
2458
3142
2458
1165
1585
2041
3224
371
1049
2339
567
642
3120
2051
39
744
1698
877
1155
1588
278
1555
2470
2469
891
1220
2473
1629
1721
2472
2670
2672
2868
12
150
1642
2033
220
453
1012
1034
1112
1214
1422
1607
1617
2782
2829
2925
792
2160
427
536
840
2559
975
1575
1871
2130
2919
781
1971
1261
2481
691
1261
2480
2596
2597
560
1245
695
1251
565
214
1568
2767
567
1694
2255
12
138
150
839
2488
2489
138
755
1853
1965
2435
2487
2487
373
912
1025
1422
2416
2418
2492
78
669
2491
2733
3249
1903
682
1471
2861
2954
3128
649
2646
3046
1107
860
1004
1107
3288
3296
822
1043
3274
370
2067
2146
441
747
960
1511
1069
1069
650
2136
677
1238
1275
1580
1655
2324
2361
2362
2443
2507
136
157
186
450
1009
2196
2506
2520
2598
2883
196
1864
2174
2510
2511
2875
98
1078
1259
2020
2509
98
2509
884
1363
1129
2514
1018
1032
2513
3241
540
654
2911
1730
1889
2517
329
2516
2751
2044
136
395
396
450
744
882
930
2196
2217
2718
2719
2720
136
847
1429
2507
15
1112
2523
2522
473
2202
3249
51
1798
347
1064
1202
1758
1853
2633
50
1349
2304
50
971
1263
76
1861
584
1039
1170
1082
2207
415
1944
2380
2837
1944
588
668
588
1255
2334
2642
463
1933
463
2288
2367
3152
1724
958
1063
1675
1858
1137
889
2799
152
920
2163
2316
2140
2549
2367
2548
3152
1927
2551
254
843
2550
2579
1119
1577
1381
471
713
1676
2209
2555
2209
2554
2604
586
70
991
683
1542
2420
3193
840
1560
1705
2114
2477
777
1447
543
2165
2949
637
808
1620
2066
237
627
807
941
968
1219
2097
2435
2665
414
1492
1761
2429
2195
906
906
2016
3250
57
2831
99
170
97
902
1201
525
1143
2574
2575
648
2573
648
2573
525
681
705
624
670
924
1335
1836
1999
2212
253
690
843
949
2551
336
561
1180
1366
2581
2848
3025
336
1180
1366
2580
2848
3025
1862
170
2866
409
535
1583
1894
303
549
755
1190
1214
1422
2782
2828
744
1698
3138
2050
471
713
1676
2314
998
1021
1719
3066
935
821
847
2073
1056
394
1333
1986
641
1080
314
616
622
850
968
1117
1708
2204
2257
2481
2597
2598
2599
16
314
340
616
622
691
931
1013
2415
2416
2417
2418
2481
2596
2625
136
2507
2596
2596
3300
1271
1302
1461
1102
613
1441
1667
2669
713
1676
2209
2555
611
620
1028
774
1449
1311
1027
2609
56
2608
531
2611
2612
2610
1210
1335
2610
247
2329
2614
2329
2613
3292
216
2812
817
2618
329
2617
188
227
254
266
854
1131
1625
1630
1759
10
131
268
395
468
755
1251
1422
1591
1633
1759
2162
2230
2782
2830
2624
483
2623
40
147
428
2597
2650
147
428
773
1054
1112
1439
1647
1831
3054
1279
2628
1279
1890
2627
1320
629
1717
421
1620
1678
2132
2899
3009
43
492
627
968
1625
2239
2649
2650
2651
43
347
770
847
930
968
1064
1665
1759
2217
2527
222
1392
2000
3024
95
1620
314
622
1117
1567
1605
1708
2166
2417
3164
180
351
1096
1439
1625
1740
2264
2404
2405
2639
2640
2641
180
351
661
2638
661
2638
2641
661
2638
2640
338
1227
2538
106
155
247
1180
1183
2776
76
312
1457
416
768
1417
2217
319
516
540
649
771
819
1472
1615
1842
2278
2296
2450
2495
2911
3017
3018
517
648
1097
1894
1901
361
1214
1422
1918
2444
2632
2650
361
755
1214
1422
1918
2444
2625
2632
2649
302
1422
2021
2281
2632
2827
2828
498
2358
1539
3291
1120
2434
42
263
444
886
1476
1567
1872
1980
2277
2422
951
1052
2863
109
109
1781
917
2853
3255
2080
2080
755
1422
755
1422
2991
755
2564
2784
755
1904
453
755
807
941
1219
2128
2786
748
1422
2846
1441
2603
1220
1721
2473
2671
2672
2673
2670
1220
1721
1967
2473
2670
83
615
2316
2670
3284
286
994
1399
2224
307
2224
114
1883
176
795
2750
1131
1308
1568
1625
627
1012
1131
1422
1625
2886
2329
721
1135
1222
2686
2065
2685
3132
177
2442
2689
2688
2691
533
1606
2690
865
873
1456
2695
2694
179
2697
2696
2308
977
1601
290
967
1896
2703
208
218
404
438
997
1035
1152
1534
1718
1896
1902
2170
2702
2705
2706
2966
2976
591
1463
1896
2414
208
404
438
1718
1896
2703
2706
2966
208
404
438
1896
2703
2705
2966
1896
908
1569
1896
1023
1313
1894
2048
13
394
1167
1333
1894
1986
826
1493
226
2005
3232
1161
2715
1480
2714
160
2151
413
468
2519
2720
413
468
2519
413
2519
2718
541
1620
2028
704
1254
2092
2723
2722
1277
1170
2727
711
1111
1613
2058
2726
1130
26
222
689
1435
1868
2730
567
1435
2729
2898
1847
2005
3232
254
508
1543
2067
2733
254
1652
2067
2492
2732
142
819
1002
1455
161
451
953
1440
2070
3034
2738
1409
1448
2737
401
856
2314
2740
2741
2189
2739
2739
2193
2744
2743
541
703
1768
1845
2012
726
2748
2747
260
1119
176
2679
1889
2517
485
1052
639
1159
1159
1391
1106
1339
1956
349
2762
2763
1006
2761
2999
300
2761
2765
272
2764
1568
378
1138
1568
1769
2485
886
886
813
1585
670
813
1585
2773
3272
214
2772
2928
3272
968
993
1301
1731
2097
2829
2925
2968
993
1301
1943
2829
2925
106
155
1246
2189
2643
1332
973
1211
1384
1585
2780
1075
1211
2779
2027
27
137
220
229
246
307
453
549
586
807
835
887
895
937
941
968
1034
1214
1219
1238
1290
1343
1480
1644
2023
2115
2230
2475
2585
2622
2783
2784
2785
2786
1015
1422
2045
2782
453
1214
1422
2230
2665
2782
229
1012
1422
2782
453
1214
2667
2782
524
2788
2787
2938
339
552
2149
374
1286
1401
1726
2067
2366
2367
2368
695
695
94
1192
1173
2795
1730
2794
1173
875
1257
1918
1899
603
889
1973
2545
1979
2802
2801
170
311
165
1806
2805
2804
2908
2807
2806
387
514
514
1447
1837
441
1354
2615
1158
1410
2815
228
300
411
1410
2814
1004
1324
1324
2008
1033
1170
1791
1992
1112
1422
2925
3324
1422
2125
1071
1422
2128
1422
1943
1214
1422
3308
1262
1422
59
1214
1422
510
675
686
1422
1976
2651
51
454
835
1190
1422
2181
2291
2585
2651
2842
3000
433
528
962
965
968
993
1071
1157
1343
1422
2097
2234
2257
2282
2398
2475
2774
2775
2967
2968
1205
1422
2622
2859
2570
1465
2833
2832
507
212
783
2836
3076
3274
212
1970
2835
783
2534
29
887
541
582
587
2127
200
2828
2843
200
2842
430
504
670
624
777
924
2668
1800
247
561
876
1078
1180
1600
1953
2580
2581
2850
2849
2852
2851
296
1036
1226
2176
2660
292
2141
101
825
1340
1626
222
1392
3212
490
887
1230
2830
1214
2230
241
402
1091
1346
1395
1414
1471
1634
2174
2399
2455
2494
616
851
929
2657
2864
2863
1806
609
874
1355
1395
1634
2455
2583
2984
217
422
1603
1770
2237
590
607
1220
1657
1725
2206
2244
2473
2869
2870
2868
2868
1104
2873
2872
864
1091
1346
2371
675
2509
1040
1208
2342
1055
1580
1996
2311
2361
968
2435
186
2507
1125
1890
1815
1625
1965
2681
396
1650
608
2890
2889
445
486
1115
2117
85
2385
2159
3144
1544
2159
2897
1259
2896
567
1435
2730
70
203
550
634
927
1068
1094
1135
1946
2132
2275
2631
2900
2901
2902
2903
194
1353
2052
2899
2899
2899
2899
2905
2904
3175
946
2109
1378
2038
2289
2805
167
998
1970
1985
540
610
442
540
610
649
923
1103
2134
2515
2646
3017
3046
3317
1484
2063
2113
2292
2915
2914
2917
2916
1461
1710
1
158
1097
1358
1575
1587
2404
2478
582
860
1004
3296
332
582
745
2189
437
635
754
1215
2401
153
373
622
912
993
1010
1034
1117
1427
1567
1605
1708
1910
2097
2257
2398
2475
2774
2775
2820
2967
1232
1617
2927
706
1112
1533
1617
2926
214
702
2773
305
308
316
637
2952
316
1
1097
2935
2934
310
1878
2937
310
2936
524
2788
93
690
656
1287
175
240
2264
2072
2368
1244
782
1595
1870
1926
183
1367
2960
331
690
1709
2090
2561
3011
582
2292
2951
2952
2950
2931
2950
1088
1471
2494
76
381
1185
1457
2445
2956
2957
1457
2955
2040
2082
2445
2955
1175
2096
2401
3025
758
1182
2947
685
320
812
768
1473
1956
1965
694
2286
208
404
438
2703
2705
2706
968
2115
2829
2925
2968
1153
2774
2829
2967
903
257
1722
2142
1458
465
582
3009
497
1779
1936
2094
2975
497
2094
2974
81
558
717
1902
2703
637
729
1620
2025
259
1262
230
1856
681
2981
2980
952
432
313
1264
1355
1395
2866
2994
730
2986
730
2985
730
1951
389
1984
2990
2989
1122
2047
2664
60
234
2154
3215
49
491
2984
391
2997
2996
1941
1006
2762
2828
1507
336
3004
3005
3003
3003
354
1822
690
3249
1933
32
70
203
550
2120
2631
2973
550
1162
1808
2425
2949
228
965
965
1112
1617
1316
945
83
455
582
921
2189
2646
2911
3046
83
923
2646
803
3159
1981
1067
1189
1305
1610
568
2635
561
876
1180
1600
2580
2581
2959
790
921
1545
1620
1989
2426
746
2427
80
359
460
835
1757
3263
1962
1524
1126
1440
2736
958
1858
2031
741
1066
3203
901
1428
1624
1810
3038
1382
1624
3037
610
638
2348
2348
1115
1389
1554
2010
1042
1823
2342
3187
83
294
476
478
540
649
819
1256
1472
1865
1891
1932
2278
2495
2911
3017
440
541
1303
541
564
541
1572
3050
541
3049
194
1094
3207
194
1384
1143
2626
474
474
1509
3058
3059
3057
3059
3057
3058
911
295
1563
831
1433
1524
1433
1021
2589
3067
3066
1218
1868
1083
161
371
1369
1746
1981
2022
2339
918
3080
213
962
2435
959
1949
205
212
783
2835
2075
1153
1153
20
918
1583
2227
3072
3081
3080
321
156
326
968
101
204
2014
2400
1695
2037
3091
3090
1664
219
303
2254
1314
3095
3094
589
1955
1229
582
649
923
1541
667
711
3267
711
3267
1604
479
410
3107
190
722
1822
2180
3106
954
1191
3109
3110
3108
3108
1900
1673
2135
1696
1760
3116
324
996
3115
1252
1571
3118
1252
1571
3117
1252
1571
1000
2464
145
245
1310
1851
1907
3127
3126
439
603
1471
2208
2494
1349
1910
47
47
2167
2686
3193
118
119
672
1156
1685
3134
132
205
3133
1499
3136
3135
121
466
1412
2174
2586
1085
1992
3244
666
1127
2460
2004
66
955
2894
3145
3144
519
3147
3148
1924
3146
582
3146
2185
1880
2185
1341
1983
2367
2541
2549
569
624
1426
2210
951
1906
88
356
482
708
2306
2453
1026
963
3019
2062
101
1328
424
2365
2363
2637
3166
3165
2309
2309
1523
3172
1523
1523
3172
1523
3169
3171
3173
3172
597
1143
2905
789
3177
3176
3179
3178
1306
3181
1306
3180
163
210
1766
190
325
330
403
1092
1662
303
3045
380
2155
245
596
601
33
107
168
372
746
846
1143
1186
1244
1728
2558
3132
3194
3195
3196
3197
3210
1822
3193
3193
3193
33
3193
1811
1529
655
687
3201
655
3200
2153
225
245
1066
3036
3204
225
245
1066
1827
3203
1784
2029
330
2065
1135
3051
1949
1655
3193
1113
1392
2857
506
640
1052
1239
2154
2189
2993
582
582
582
3
1237
1687
1822
308
567
689
1310
2255
2092
778
2041
2462
873
1519
1557
2320
269
486
1115
3236
1321
239
1321
3254
2252
1907
2252
2713
2731
935
269
269
269
3228
46
1047
277
866
2178
738
1018
1032
1129
1586
2514
268
1581
2056
1085
3139
1972
1313
1462
1846
508
227
254
266
500
1808
1809
2492
2524
3007
2569
22
938
283
1045
1596
3253
1045
1596
3252
767
3230
2660
1670
3281
412
1778
636
1133
673
1293
788
460
3030
1475
205
212
1792
2196
3102
3103
1548
2271
2007
2237
2007
1822
378
482
1589
2772
2773
1082
1266
1505
2411
95
110
405
472
541
1043
1551
1768
2269
2498
2835
744
482
2104
2169
90
185
2026
1194
3256
1917
2339
837
2673
2
374
447
1286
1667
2366
3287
3286
2497
344
2214
2653
2614
352
1410
1813
2153
475
1679
2251
2262
342
860
2497
2920
1664
266
83
515
2599
1908
3302
1908
3301
1073
734
1651
2050
1733
1733
1969
19
1451
2824
41
116
717
1981
2022
1974
998
645
1181
2911
83
3320
3319
1750
3323
3322
131
268
2820
1643
33
