0
1
6
7
9
10
11
12
14
16
17
19
20
32
37
39
40
54
56
59
62
63
64
67
68
70
72
74
84
95
97
99
103
105
110
111
112
113
114
116
118
120
123
124
134
136
137
138
143
144
150
152
160
162
163
166
169
171
173
178
185
188
194
195
196
197
198
201
202
203
206
213
215
216
219
220
224
230
231
235
237
240
246
247
263
265
266
268
270
271
272
274
275
277
278
280
286
290
293
303
306
308
315
319
320
322
323
328
329
331
335
341
342
343
347
353
355
356
357
360
364
366
368
370
371
372
373
374
375
376
377
379
382
388
389
390
393
404
408
417
419
420
421
426
427
431
432
434
442
445
446
456
460
463
467
472
476
480
484
487
488
493
496
497
498
499
502
503
505
506
508
515
516
519
520
521
522
524
527
529
533
537
539
540
541
542
543
546
547
548
551
554
556
556
557
564
566
567
569
572
573
575
576
577
580
583
590
591
592
603
604
605
607
613
616
619
620
623
626
632
634
641
642
648
648
649
654
656
660
666
676
679
680
682
683
686
687
689
693
694
697
698
703
709
711
712
717
719
727
729
730
732
733
734
737
749
750
751
753
754
756
757
758
759
764
765
768
776
778
782
788
789
790
792
797
798
800
800
801
803
806
808
809
811
813
815
817
821
822
824
826
827
828
832
834
836
837
838
841
843
845
850
851
854
866
869
870
871
881
883
884
887
890
891
893
906
907
910
911
912
915
916
918
919
920
921
923
925
926
928
931
933
937
939
941
942
944
951
953
955
958
960
961
963
964
966
967
968
974
976
977
978
983
985
987
988
989
991
994
994
996
997
1002
1004
1005
1008
1010
1011
1012
1013
1014
1016
1022
1023
1032
1036
1037
1038
1040
1042
1044
1046
1048
1049
1051
1052
1053
1054
1055
1056
1058
1062
1063
1064
1065
1068
1070
1076
1078
1080
1083
1084
1085
1088
1089
1097
1101
1102
1103
1104
1107
1109
1115
1117
1124
1129
1130
1133
1135
1136
1138
1139
1143
1145
1146
1147
1148
1149
1154
1162
1166
1168
1172
1173
1174
1178
1181
1182
1183
1190
1192
1193
1196
1197
1200
1202
1204
1205
1207
1209
1210
1225
1227
1228
1247
1248
1252
1253
1254
1256
1257
1261
1262
1263
1265
1267
1271
1274
1275
1298
1300
1301
1305
1313
1316
1318
1319
1324
1325
1326
1327
1328
1329
1335
1338
1340
1342
1352
1358
1359
1360
1362
1366
1375
1379
1382
1384
1385
1389
1390
1392
1394
1396
1397
1398
1401
1402
1405
1406
1409
1413
1414
1415
1416
1417
1419
1422
1423
1427
1428
1430
1432
1433
1434
1436
1439
1444
1446
1448
1453
1455
1460
1461
1463
1465
1466
1469
1470
1472
1474
1475
1486
1508
1511
1512
1514
1516
1516
1518
1521
1528
1531
1533
1535
1536
1537
1538
1539
1544
1549
1552
1554
1560
1562
1563
1565
1569
1572
1581
1583
1585
1586
1587
1590
1593
1597
1598
1599
1602
1604
1606
1607
1608
1659
1660
1663
1669
1674
1676
1681
1682
1685
1691
1691
1692
1693
1697
1698
1699
1700
1701
1703
1704
1707
1712
1714
1715
1716
1718
1719
1721
1725
1727
1728
1729
1730
1732
1747
1748
1751
1752
1761
1762
1777
1779
1794
1796
1797
1801
1802
1805
1808
1809
1811
1813
1816
1817
1818
1833
1835
1837
1839
1844
1846
1847
1848
1849
1850
1851
1858
1864
1867
1868
1869
1871
1873
1876
1877
1878
1879
1880
1883
1895
1896
1897
1901
1902
1904
1915
1917
1918
1929
1930
1933
1936
1937
1940
1941
1948
1949
1950
1953
1955
1959
1960
1961
1962
1964
1966
1968
1970
1975
1983
1984
1985
1986
1991
1995
1997
1999
2000
2001
2002
2003
2006
2007
2010
2012
2013
2014
2023
2025
2028
2029
2034
2035
2042
2045
2050
2051
2054
2055
2058
2060
2063
2064
2066
2068
2069
2070
2071
2074
2075
2076
2077
2080
2081
2082
2084
2085
2086
2089
2091
2094
2095
2101
2102
2105
2109
2110
2114
2115
2117
2118
2119
2120
2148
2149
2151
2152
2153
2155
2156
2157
2158
2159
2160
2161
2164
2168
2170
2173
2176
2180
2185
2187
2189
2191
2198
2201
2203
2204
2207
2208
2214
2216
2217
2218
2219
2220
2221
2225
2226
2229
2231
2234
2235
2241
2242
2243
2245
2247
2248
2250
2253
2254
2256
2257
2263
2268
2269
2270
2271
2275
2279
2280
2281
2283
2284
2285
2292
2293
2294
2298
2299
2300
2306
2307
2309
2311
2314
2315
2317
2319
2320
2320
2327
2328
2330
2330
2333
2336
2337
2338
2344
2345
2345
2346
2357
2357
2358
2363
2365
2366
2367
2370
2371
2373
2376
2377
2379
2384
2387
2388
2390
2394
2403
2404
2405
2406
2409
2410
2411
2412
2415
2417
2423
2427
2434
2436
2438
2440
2445
2447
2448
2451
2452
2462
2480
2481
2484
2485
2488
2488
2489
2491
2497
2498
2499
2500
2501
2502
2505
2508
2510
2515
2516
2521
2522
2525
2526
2526
2528
2538
2538
2540
2543
2545
2548
2550
2551
2555
2558
2561
2569
2573
2574
2576
2578
2581
2583
2590
2597
2598
2600
2604
2607
2611
2614
2616
2617
2619
2625
2629
2631
2632
2633
2637
2638
2639
2640
2641
2644
2645
2648
2650
2651
2653
2654
2658
2660
2662
2663
2674
2675
2677
2688
2691
2692
2719
2721
2722
2723
2724
2725
2727
2729
2731
2732
2734
2735
2737
2738
2742
2743
2745
2748
2750
2751
2752
2754
2757
2759
2762
2768
2770
2771
2772
2776
2781
2784
2789
2792
2797
2798
2806
2807
2809
2811
2812
2817
2819
2825
2837
2847
2847
2852
2855
2856
2859
2863
2865
2869
2872
2874
2875
2877
2881
2885
2888
2889
2895
2898
2901
2910
2926
2932
2935
2936
2937
2940
2941
2944
2945
2949
2955
2958
2961
2962
2963
2965
2966
2967
2972
2973
2976
2977
2978
2979
2980
2982
2983
2983
2985
2987
2991
2992
2997
2998
2999
3001
3005
3009
3012
3014
3015
3016
3018
3019
3023
3026
3031
3032
3035
3039
3041
3043
3044
3049
3052
3053
3054
3057
3060
3065
3069
3070
3073
3092
3093
3095
3096
3097
3099
3102
3103
3105
3107
3109
3110
3112
3113
3115
3130
3131
3132
3136
3139
3152
3153
3157
3159
3160
3162
3166
3167
3170
3171
3172
3174
3176
3186
3197
3198
3199
3200
3206
3207
3208
3209
3210
3211
3212
3213
3220
3224
3229
3230
3231
3231
3232
3233
3234
3237
3240
3241
3248
3251
3257
3258
3262
3263
3264
3267
3269
3270
3272
3272
3278
3279
3280
3287
3288
3290
3294
3295
3296
3299
3300
3302
3304
3314
3315
3316
3319
3321
3322
3325
3326
3327
3330
3334
3335
3337
3339
3342
3343
3344
3345
3346
3348
3352
3355
3363
3365
3367
3369
3370
3372
3376
3377
3380
3383
3385
3386
3421
3423
3424
3426
3428
3434
3440
3441
3445
3446
3447
3450
3451
3457
3458
3459
3466
3468
3471
3472
3473
3476
3477
3480
3484
3490
3491
3494
3495
3496
3498
3499
3501
3503
3505
3507
3508
3519
3522
3528
3529
3532
3535
3537
3538
3545
3547
3549
3553
3554
3559
3561
3563
3564
3566
3566
3566
3569
3570
3571
3572
3581
3582
3583
3584
3586
3587
3591
3593
3594
3595
3596
3601
3603
3604
3605
3613
3614
3615
3617
3618
3619
3624
3626
3628
3629
3630
3634
3638
3639
3640
3641
3643
3645
3647
3648
3650
3653
3654
3657
3658
3659
3661
3662
3663
3667
3669
3673
3675
3675
3680
3681
3687
3688
3690
3691
3696
3698
3699
3702
3704
3710
3711
3712
3713
3714
3717
3720
3721
3728
3729
3730
3733
3734
3737
3740
3742
3745
3747
3748
3749
3751
3752
3757
3758
3759
3759
3760
3763
3766
3769
3771
3781
3782
3783
3786
3787
3788
3789
3791
3792
3792
3793
3794
3795
3801
3803
3806
3808
3810
3812
3813
3814
3815
3816
3817
3819
3821
3825
3826
3827
3832
3834
3835
3839
3846
3848
3850
3851
3852
3853
3854
3855
3856
3857
3858
3868
3876
3878
3879
3883
3885
3888
3892
3893
3897
3898
3899
3998
4000
4002
4003
4005
4007
4009
4027
4029
4032
4033
4035
4037
4042
4044
4046
4048
4053
4057
4060
4061
4063
4064
4066
4068
4074
4077
4080
4081
4083
4084
4087
4088
4090
4092
4097
4098
4099
4101
4108
4111
4112
4114
4115
4116
4117
4119
4121
4123
4131
4136
4139
4141
4142
4143
4145
4147
4147
4152
4153
4154
4156
4161
4163
4164
4166
4167
4168
4169
4173
4175
4181
4182
4183
4184
4185
4186
4187
4187
4188
4189
4190
4192
4196
4198
4199
4200
4201
4203
4204
4205
4206
4207
4209
4210
4216
4219
4220
4220
4221
4225
4230
4232
4233
4234
4236
4237
4241
4243
4249
4251
4253
4258
4259
4263
4265
4266
4267
4268
4269
4271
4276
4277
4281
4282
4283
4285
4285
4286
4292
4292
4293
4295
4299
4300
4306
4307
4308
4311
4314
4316
4318
4319
4320
4321
4338
4342
4344
4349
4353
4354
4355
4358
4362
4363
4367
4368
4369
4377
4378
4383
4390
4393
4404
4407
4417
4418
4421
4423
4429
4430
4431
4432
4433
4437
4438
4439
4441
4446
4447
4447
4450
4451
4468
4469
4473
4474
4477
4480
4481
4482
4485
4486
4487
4490
4498
4499
4501
4524
4526
4529
4531
4533
4562
4564
4566
4567
4569
4572
4573
4573
4574
4577
4579
4580
4581
4582
4583
4586
4587
4588
4589
4601
4602
4603
4609
4611
4612
4615
4618
4619
4620
4621
4628
4629
4630
4631
4632
4634
4635
4637
4640
4642
4647
4659
4661
4666
4668
4671
4673
4677
4678
4679
4681
4686
4690
4693
4694
4695
4696
4698
4705
4707
4708
4709
4714
4715
4716
4717
4718
4719
4720
4722
4724
4726
4727
4731
4734
4735
4737
4740
4741
4747
4752
4754
4758
4773
4776
4780
4782
4783
4784
4786
4787
4788
4790
4797
4798
4800
4806
4807
4808
4816
4821
4824
4825
4827
4829
4831
4838
4839
4843
4845
4846
4852
4854
4856
4857
4859
4860
4861
4862
4863
4864
4868
4870
4871
4872
4874
4876
4877
4878
4879
4881
4882
4885
4892
4901
4905
4908
4910
4911
4913
4913
4915
4919
4924
4926
4929
4931
4936
4937
4939
4940
4941
4942
4944
4948
4949
4950
4953
4955
4957
4958
4959
4960
4961
4962
4963
4966
4967
4968
4969
4972
4973
4974
4975
4976
4977
4979
4983
4984
4985
4987
4989
4990
4995
4999
5002
5009
5012
5015
5017
5018
5019
5021
5025
5026
5027
5033
5047
5050
5051
5054
5055
5056
5060
5064
5065
5068
5070
5072
5073
5078
5085
5086
5087
5088
5091
5093
5095
5099
5100
5103
5105
5108
5109
5110
5111
5112
5113
5123
5125
5127
5128
5129
5133
5134
5136
5138
5139
5141
5146
5152
5154
5158
5162
5164
5165
5167
5168
5169
5172
5188
5189
5195
5198
5208
5209
5209
5210
5213
5214
5215
5215
5222
5223
5226
5230
5232
5233
5234
5244
5245
5266
5267
5268
5269
5270
5272
5275
5281
5283
5284
5286
5292
5294
5295
5297
5298
5300
5301
5302
5307
5309
5311
5320
5321
5322
5325
5326
5328
5329
5331
5332
5334
5337
5338
5339
5340
5344
5350
5351
5352
5353
5354
5356
5358
5362
5363
5365
5395
5403
5404
5405
5406
5410
5414
5415
5416
5417
5419
5420
5421
5425
5426
5428
5429
5431
5433
5435
5436
5438
5445
5446
5453
5454
5455
5458
5467
5468
5471
5472
5473
5474
5475
5476
5479
5480
5489
5490
5492
5493
5494
5497
5499
5500
5507
5510
5514
5525
5526
5527
5529
5531
5534
5535
5538
5540
5541
5542
5543
5544
5548
5549
5551
5552
5554
5556
5558
5559
5561
5563
5565
5566
5568
5569
5570
5574
5582
5585
5595
5596
5599
5600
5602
5605
5606
5607
5609
5612
5616
5617
5619
5620
5622
5623
5624
5625
5629
5630
5631
5632
5633
5634
5636
5638
5639
5642
5643
5646
5649
5652
5654
5655
5657
5660
5663
5666
5667
5671
5680
5682
5684
5690
5700
5701
5702
5703
5704
5705
5708
5709
5710
5712
5713
5714
5715
5721
5723
5725
5727
5728
5729
5730
5731
5733
5738
5739
5740
5745
5746
5748
5751
5752
5761
5762
5764
5765
5766
5767
5768
5770
5772
5773
5775
5777
5778
5784
5785
5788
5793
5796
5799
5803
5804
5805
5808
5809
5812
5815
5816
5818
5819
5820
5822
5826
5827
5829
5829
5833
5835
5838
5839
5841
5843
5844
5845
5848
5850
5852
5853
5854
5855
5856
5859
5860
5861
5862
5864
5865
5869
5872
5875
5876
5877
5879
5882
5884
5887
5888
5892
5893
5894
5906
5907
5908
5910
5912
5913
5914
5915
5931
5932
5934
5935
5937
5939
5941
5946
5950
5956
5958
5965
5966
5968
5969
5980
5981
5982
5983
5984
5984
5985
5999
6000
6001
6002
6004
6005
6008
6009
6013
6016
6019
6021
6023
6028
6031
6033
6037
6038
6041
6044
6045
6057
6060
6063
6068
6070
6075
6076
6082
6083
6091
6093
6102
6103
6111
6112
6114
6117
6123
6124
6125
6129
6130
6132
6133
6134
6135
6137
6139
6145
6146
6148
6149
6151
6153
6155
6159
6161
6168
6170
6171
6176
6177
6185
6186
6187
6189
6190
6200
6201
6203
6205
6206
6213
6214
6217
6218
6219
6220
6223
6224
6227
6230
6230
6231
6232
6240
6241
6243
6245
6246
6247
6248
6249
6251
6252
6257
6259
6259
6261
6264
6266
6267
6273
6275
6276
6278
6279
6280
6282
6284
6286
6288
6292
6293
6298
6302
6304
6310
6312
6323
6324
6325
6328
6334
6337
6341
6346
6348
6350
6352
6353
6355
6361
6362
6369
6372
6373
6376
6382
6383
6385
6387
6400
6403
6406
6410
6414
6415
6421
6424
6426
6433
6436
6440
6446
6451
6458
6461
6462
6466
6469
6475
6475
6480
6492
6497
6502
6504
6506
6512
6518
6524
6531
6533
6537
6543
6545
6546
6552
6553
6556
6558
6561
6567
6570
6572
6574
6575
6579
6580
6581
6584
6586
6588
6590
6591
6593
6594
6596
6606
6607
6619
6626
6633
6640
6642
6643
6654
6661
6665
6666
6668
6669
6670
6674
6676
6678
6683
6687
6699
6703
6713
6714
6720
6725
6732
6734
6739
6742
6746
6756
6758
6762
6763
6765
6766
6769
6777
6787
6789
6790
6792
6794
6798
6799
6804
6812
6820
6823
6824
6834
6836
6838
6842
6844
6849
6851
6852
6856
6857
6858
6867
6868
6872
6873
6877
6880
6883
6884
6887
6889
6890
6893
6894
6895
6897
6903
6907
6919
6921
6925
6930
6932
6934
6939
6941
6943
6944
6947
6950
6956
6962
6963
6969
6970
6975
6976
6981
6984
6985
6990
6993
6995
6996
6999
7000
7001
7002
7004
7014
7024
7025
7030
7035
7037
7039
7041
7045
7048
7051
7054
7055
7067
7071
7072
7074
7075
7078
7079
7080
7086
7089
7092
7094
7097
7099
7100
7103
7104
7106
7108
7110
7112
7113
7116
7117
7121
7122
7124
7125
7128
7130
7133
7135
7139
7141
7142
7147
7150
7151
7153
7157
7162
7164
7167
7171
7171
7180
7184
7185
7186
7187
7189
7191
7193
7196
7200
7202
7204
7204
7207
7214
7219
7226
7232
7233
7235
7239
7247
7250
7251
7255
7259
7260
7261
7263
7264
7267
7269
7282
7297
7300
7302
7302
7305
7306
7310
7314
7317
7319
7320
7322
7324
7327
7328
7331
7334
7337
7339
7340
7341
7343
7347
7348
7352
7367
7368
7370
7375
7384
7386
7389
7390
7392
7398
7407
7418
7420
7422
7424
7433
7445
7449
7452
7455
7458
7464
7467
7471
7487
7489
7492
7499
7508
7515
7517
7519
7521
7531
7532
7534
7535
7537
7540
7541
7542
7544
7547
7550
7552
7559
7562
7564
7570
7571
7576
7581
7582
7585
7587
7588
7589
7592
7596
7602
7603
7605
7606
7607
7610
7612
7613
7614
7615
7618
7619
7620
7622
7623
7625
7626
7627
7628
7629
7631
7633
7650
7654
7662
7669
7670
7673
7675
7677
7683
7685
7688
7690
7692
7693
7694
7698
7701
7704
7707
7711
7712
7712
7713
7715
7720
7721
7727
7731
7734
7739
7744
7748
7749
7754
7755
7758
7763
7765
7766
7767
7768
7769
7772
7774
7776
7777
7779
7781
7783
7785
7786
7787
7788
7789
7790
7791
7792
7793
7795
7798
7800
7801
7803
7804
7809
7810
7811
7813
7816
7818
7822
7830
7835
7840
7841
7842
7846
7849
7850
7884
7888
7894
7898
7902
7904
7906
7909
7917
7918
7919
7921
7923
7925
7926
7929
7930
7934
7935
7936
7937
7939
7942
7944
7945
7946
7947
7948
7949
7951
7954
7955
7957
7962
7964
7965
7966
7970
7974
7976
7979
7981
7984
7986
7989
7995
8006
8026
8030
8031
8033
8034
8035
8040
8043
8045
8046
8047
8050
8051
8054
8056
8059
8062
8063
8064
8073
8074
8075
8076
8077
8082
8084
8087
8088
8091
8092
8095
8097
8109
8110
8114
8115
8116
8124
8129
8139
8140
8141
8142
8143
8144
8148
8150
8150
8152
8153
8154
8158
8158
8160
8162
8164
8165
8168
8169
8170
8172
8173
8176
8177
8179
8181
8183
8184
8186
8189
8205
8209
8210
8211
8212
8213
8215
8217
8220
8221
8225
8227
8239
8242
8243
8244
8245
8246
8247
8249
8257
8261
8265
8267
8269
8270
8291
8294
8299
8302
8303
8304
8307
8308
8310
8311
8312
8315
8317
8319
8321
8323
8324
8326
8328
8329
8333
8334
8336
8339
8342
8346
8347
8349
8350
8352
8359
8361
8365
8367
8369
8372
8373
8374
8375
8379
8381
8387
8392
8396
8397
8399
8400
8401
8404
8409
8412
8417
8421
8423
8425
8427
8428
8429
8430
8436
8438
8440
8441
8442
8445
8446
8449
8450
8453
8456
8457
8458
8459
8460
8462
8463
8464
8465
8467
8468
8469
8471
8473
8474
8481
8483
8486
8487
8488
8491
8492
8493
8501
8504
8506
8507
8510
8511
8512
8513
8520
8524
8526
8528
8530
8534
8535
8536
8537
8539
8542
8545
8550
8553
8555
8556
8557
8558
8559
8561
8565
8581
8584
8586
8589
8591
8594
8596
8597
8598
8599
8601
8603
8605
8607
8608
8609
8610
8611
8613
8614
8617
8618
8620
8621
8622
8628
8630
8632
8633
8635
8639
8640
8641
8642
8648
8649
8649
8650
8651
8652
8653
8655
8656
8657
8660
8661
8662
8665
8667
8668
8669
8670
8671
8674
8675
8676
8678
8680
8681
8682
8684
8689
8693
8694
8695
8696
8697
8698
8700
8701
8704
8707
8710
8712
8714
8715
8715
8715
8716
8719
8720
8721
8726
8728
8729
8731
8733
8739
8742
8744
8745
8746
8750
8753
8754
8755
8756
8757
8761
8762
8765
8767
8769
8770
8772
8773
8777
8781
8782
8783
8789
8790
8791
8792
8793
8794
8795
8797
8799
8800
8801
8802
8803
8805
8806
8808
8812
8813
8815
8816
8818
8819
8820
8821
8823
8825
8826
8828
8831
8834
8835
8836
8838
8839
8839
8840
8841
8858
8860
8861
8862
8864
8865
8866
8869
8871
8872
8877
8882
8884
8886
8888
8889
8890
8891
8892
8894
8895
8896
8901
8902
8903
8904
8906
8908
8913
8914
8915
8917
8918
8919
8921
8925
8926
8929
8930
8934
8935
8936
8937
8939
8941
8942
8943
8944
8950
8952
8953
8955
8956
8958
8959
8960
8969
8970
8972
8976
8979
8981
8982
8984
8986
8987
8988
8988
8990
8991
8993
8994
8997
8998
9000
9002
9004
9005
9006
9011
9015
9026
9027
9030
9031
9032
9033
9034
9035
9037
9038
9039
9040
9046
9047
9048
9049
9050
9051
9052
9053
9056
9060
9064
9065
9066
9068
9069
9071
9073
9074
9077
9078
9079
9080
9083
9084
9085
9086
9088
9089
9090
9091
9092
9093
9094
9095
9096
9097
9098
9099
9102
9103
9104
